
$orca_hessian_file

$act_atom
  0

$act_coord
  0

$act_energy
        0.000000

$hessian
48
                    0                  1                  2                  3                  4        
    0      8.1414538864E-01  -5.9578884004E-02  -2.1052241340E-09  -1.5954809280E-01   6.4968479538E-02
    1     -5.9578884004E-02   7.9085880977E-01   1.9394935378E-09  -4.2178136489E-02  -4.0804483297E-01
    2     -2.1052241340E-09   1.9394935378E-09   1.5132326386E-01   1.8663829124E-10  -1.1583895903E-09
    3     -1.5954809280E-01  -4.2178136489E-02   1.8663829124E-10   7.8339528648E-01   4.5803819998E-02
    4      6.4968479538E-02  -4.0804483297E-01  -1.1583895903E-09   4.5803819998E-02   8.0473758128E-01
    5      4.0198832690E-10  -7.6976591975E-10  -7.6916495105E-02  -1.6815585975E-09   5.6340335432E-10
    6      4.3198389825E-02   1.0424879751E-01  -2.0260127561E-12  -2.9578268949E-01   3.6643211527E-02
    7      1.9499242241E-02  -3.7702090997E-02   2.7472006164E-11   1.1349211139E-01  -1.8944844374E-01
    8     -6.2599046264E-11  -1.8877946312E-10   1.0607407353E-02   1.3810558323E-10  -5.6125225181E-12
    9     -9.0002737276E-03  -4.1819749738E-02  -5.7099166038E-11  -6.8089857947E-02   2.3773770351E-02
   10     -5.3850478749E-02  -1.0151345754E-01  -1.8174580679E-10  -4.7913516233E-02   1.1773135180E-01
   11     -2.5178545039E-11  -1.0175354849E-10  -5.1754275551E-03   6.6006098025E-11   2.3305243923E-11
   12     -1.2916383434E-02  -3.7043430245E-03  -5.4275312357E-12  -7.3337114511E-04   1.9899120952E-03
   13      1.4737700050E-02   1.6212128065E-02   4.7474250765E-11   5.0180106868E-03  -2.0741664121E-02
   14      1.7962181591E-10   2.4916744916E-10  -1.0012389283E-03   1.6010842926E-10  -2.5602533311E-10
   15     -6.4797051159E-02  -3.9922607275E-02   1.2493694707E-10  -2.8900385882E-02   4.6127691213E-02
   16      3.8688159221E-02   1.0425990538E-01   8.6323121751E-11   4.5224308382E-02  -8.6092933617E-02
   17      3.1091932877E-10   3.2780158977E-10   9.9316134133E-03   9.7600323232E-11  -1.9755518668E-10
   18     -3.0567157658E-01  -3.0098911592E-02   4.3089433722E-10   5.9167608772E-02  -1.1886955124E-01
   19     -1.3469482680E-01  -2.0990471556E-01  -1.1808827159E-11  -3.1463541364E-02  -3.1613823122E-02
   20      8.6562416949E-11  -2.6504258052E-10  -7.7774536955E-02  -1.4249594756E-10   2.7080845798E-10
   21     -1.0750707586E-02   2.2196654683E-03  -4.1615679071E-11   1.3979347830E-02   3.3237703562E-02
   22      1.0696847121E-02   2.1448921518E-02  -3.5121678656E-11   2.8412879639E-02  -3.2096204032E-02
   23     -1.1885973264E-10  -4.2113941608E-10   8.2681037959E-03   1.3579874794E-10  -5.9244615782E-10
   24      1.6490296646E-03  -3.0001611251E-03   6.7678961747E-11  -1.0499265360E-02   2.7320513653E-03
   25     -1.7865030673E-03  -1.8921396001E-03   5.2904095088E-11  -2.8130347252E-03   2.4476840600E-03
   26     -2.0751506530E-11  -4.0485530818E-11  -5.1851228062E-05   1.0606941735E-10   2.0497951780E-11
   27      6.2218321565E-03   8.7782576675E-03   1.2040714903E-10   6.9835197885E-03  -5.0924355072E-03
   28     -8.2218581045E-05  -6.7511304869E-03  -1.1280587941E-10  -1.1180494895E-02  -3.4079928075E-03
   29     -1.0991561049E-10  -1.9145739513E-10  -1.7859985421E-03   4.2831274214E-10   3.4419661698E-10
   30     -3.1056775330E-01   1.3122040850E-01   1.3051588545E-09   5.3748416494E-03  -4.1050854823E-03
   31      1.3023219279E-01  -1.4206306411E-01  -7.6478731337E-10   3.2859746208E-02  -9.8934419250E-03
   32      1.3500075326E-09  -8.2215813889E-10  -4.0178805269E-02   9.6216205409E-11   2.3156126346E-11
   33      4.3203335892E-03   2.8503612247E-03   2.6619128301E-11  -3.0131399493E-01  -1.2837808175E-01
   34     -3.5149108664E-02  -1.0049755218E-02   1.6018683800E-10  -1.2418444091E-01  -1.4195127130E-01
   35     -1.5507350118E-10  -2.2009132082E-10   7.8051945342E-03   1.1741725526E-09   6.1295221941E-10
   36     -2.1476606729E-03  -3.4365549616E-03   4.8834603950E-12  -1.9137912068E-03   3.1312212238E-03
   37     -4.3359699779E-03  -4.0743549188E-03   9.8943640358E-12  -2.9784925882E-03   2.1643649938E-03
   38      8.9855358549E-11   8.1214873790E-11   9.0947373504E-05   6.7647731381E-11  -7.2247529362E-11
   39     -3.0100225949E-03   4.1383750041E-03   2.6976374653E-11   3.6574067200E-04   9.4219319482E-04
   40      3.6059670616E-03  -9.6414296051E-04  -2.2320954464E-11   1.4272123817E-03  -1.1331830622E-03
   41      4.6964048563E-11  -7.8669403248E-11   8.7912199913E-03  -4.5590648911E-11   1.4453690456E-11
   42      9.0491509474E-03  -3.0026873985E-02  -8.5503517971E-11  -5.0899373959E-03  -3.6359563114E-03
   43      4.9058641975E-03  -1.0043496316E-02  -5.0922398796E-11  -3.5044551383E-03   1.2221438615E-04
   44      7.2686300198E-12  -1.0574902810E-11   6.8169044862E-03  -2.2203806195E-11   1.4902361436E-11
   45     -1.9018194539E-04   3.2095782094E-04   2.8198464767E-12   2.5928781764E-03   7.2946468452E-04
   46      2.1526330281E-03   2.4141819034E-04   1.4135622546E-11  -6.0162231238E-03  -2.7869126047E-03
   47      6.7707412963E-11   5.6635720926E-11  -7.5500071326E-04  -1.5510629960E-10   3.8250560057E-11
                    5                  6                  7                  8                  9        
    0      4.0198832690E-10   4.3198389825E-02   1.9499242241E-02  -6.2599046264E-11  -9.0002737276E-03
    1     -7.6976591975E-10   1.0424879751E-01  -3.7702090997E-02  -1.8877946312E-10  -4.1819749738E-02
    2     -7.6916495105E-02  -2.0260127561E-12   2.7472006164E-11   1.0607407353E-02  -5.7099166038E-11
    3     -1.6815585975E-09  -2.9578268949E-01   1.1349211139E-01   1.3810558323E-10  -6.8089857947E-02
    4      5.6340335432E-10   3.6643211527E-02  -1.8944844374E-01  -5.6125225181E-12   2.3773770351E-02
    5      1.6779885088E-01   3.7897212598E-10  -7.3496776353E-10  -6.7617361202E-02   3.8462434774E-10
    6      3.7897212598E-10   7.8012415529E-01  -2.0993691056E-02   7.1993418645E-10  -2.6502311482E-01
    7     -7.3496776353E-10  -2.0993691056E-02   7.2854024405E-01  -1.8025392859E-09  -9.2946345015E-02
    8     -6.7617361202E-02   7.1993418645E-10  -1.8025392859E-09   1.5306861100E-01   9.3185849716E-11
    9      3.8462434774E-10  -2.6502311482E-01  -9.2946345015E-02   9.3185849716E-11   8.1992546363E-01
   10      2.5864061464E-10  -2.1907483681E-02  -2.3463921505E-01   6.0935073996E-10  -4.2395465675E-02
   11      9.0991575157E-04   1.2729803623E-10   4.5432635724E-10  -8.4372980860E-02  -1.7939114086E-09
   12      8.4702441896E-11  -5.7121164026E-02  -7.6142824571E-05   1.8565973727E-10  -3.7205267537E-01
   13      4.2933494888E-11  -1.6234147364E-02   3.7745882386E-02  -1.1718096354E-11   1.2151975374E-01
   14      7.8019172981E-03   1.4645180557E-10   2.3905029287E-10   1.3985821261E-02   1.0954996876E-09
   15      1.6841094754E-10   5.2847160695E-02  -2.7191564953E-02   6.1631357138E-11  -1.5316094017E-01
   16     -1.6959587731E-10  -8.7339254515E-02  -8.8515971144E-03   2.4116373286E-10   2.1752854899E-02
   17     -3.3282040032E-03  -3.3601429239E-10  -1.5409521694E-10   1.1445473097E-02   1.7174507778E-10
   18     -3.5348198835E-10  -9.6258585642E-02   1.5862806018E-02   1.8295688505E-10   4.0619707399E-02
   19      4.3006266824E-11  -9.2107012402E-03  -4.4146972048E-03  -2.0853754506E-10   4.4617734599E-02
   20      7.7033639756E-03   2.1927236679E-10  -7.4698130190E-11  -4.7245238320E-03  -9.0144771949E-11
   21     -2.0495168730E-10  -1.3773943651E-01  -1.1965323566E-02   1.5859809733E-09   3.8101352991E-02
   22      2.8916451286E-10  -4.7212476822E-03  -2.2164285419E-01  -8.7899510168E-10  -4.5296220025E-02
   23     -4.5903962432E-03   6.5430007695E-10   7.6206059159E-10  -9.1761273407E-02   7.8529940892E-10
   24     -3.9169387837E-11  -4.1473647658E-03  -1.6198659223E-02  -6.1936006956E-10  -1.6542345193E-04
   25     -1.8071805223E-11  -4.6524952967E-02  -2.7764054050E-02  -3.4701756798E-10   1.1684765062E-02
   26     -6.7014143861E-05  -2.9014709495E-10  -2.2178711987E-10   2.1580682022E-02  -1.7346423038E-10
   27     -1.2117158796E-11  -7.6801010110E-03   4.0679934656E-02  -2.4656872599E-09  -3.5585624471E-02
   28      2.5502027830E-10   5.7904895208E-02  -3.6795191762E-02   2.6225458828E-09   5.4126940645E-03
   29      4.2439102568E-03  -1.1307066732E-09   4.5186643711E-10   2.5875128555E-02  -2.1256758394E-10
   30     -2.0851145110E-11   1.5627071071E-03  -3.9019867299E-04   7.7663037574E-11   1.2060807155E-04
   31     -6.7012143532E-11  -2.1088546773E-03  -5.7948403763E-03  -1.0312684781E-10  -8.7111051880E-04
   32      3.2853992386E-03   1.3864413530E-11   1.3680184193E-11   8.2688327550E-03  -6.3547564651E-11
   33      9.0946733084E-10  -1.6551653997E-02  -1.7286519057E-02   9.5961937920E-11  -2.2994637373E-03
   34      3.9236236726E-10   1.3039764166E-02   1.4915734430E-02   3.3459442036E-11   3.3581863974E-03
   35     -4.5478151678E-02  -7.1566974025E-12   1.2841661363E-10   3.4141144436E-03   3.8283800494E-11
   36     -3.5315341693E-11   1.0455479095E-03  -4.7655667512E-03  -9.2319242746E-11   1.0140487405E-02
   37     -5.6892346667E-11  -3.6057706295E-03  -6.0306615992E-03   2.9755686796E-11   2.4106938441E-02
   38     -5.4336112654E-04   5.4724614189E-11   2.3652802712E-10  -1.7823490913E-03  -6.8210718552E-10
   39      9.4112127535E-12   8.1344652891E-04   3.0394892322E-04  -1.7527389209E-11   4.1207806609E-03
   40     -2.4296132674E-11   1.5463109201E-03  -6.1840602067E-03  -3.6189657931E-12  -3.4440084007E-02
   41     -8.2686592487E-04   1.2051562553E-10   2.0569812425E-11   5.4981203999E-03  -5.4450261399E-11
   42      3.3966506695E-11  -1.1815920761E-03   6.1880119676E-04   1.4141837687E-12  -5.4373950584E-03
   43     -1.7697316164E-11   1.3301362782E-04   7.9270078241E-04   1.2004813184E-11   2.2527448460E-03
   44      7.3687757933E-03   4.6565152377E-11   1.0495405344E-11  -1.0642354762E-03   1.0143832874E-10
   45     -2.4091338559E-11   1.9152351047E-03   1.3542034177E-03   1.1516185887E-10  -2.2104946638E-03
   46      1.3657918242E-11  -8.7799142181E-04  -2.7224934827E-03   1.2113557063E-12  -7.0684270856E-04
   47      2.5602289136E-04   3.6371115469E-11  -1.0527067866E-10  -2.4193673115E-03  -1.0734491991E-10
                   10                 11                 12                 13                 14        
    0     -5.3850478749E-02  -2.5178545039E-11  -1.2916383434E-02   1.4737700050E-02   1.7962181591E-10
    1     -1.0151345754E-01  -1.0175354849E-10  -3.7043430245E-03   1.6212128065E-02   2.4916744916E-10
    2     -1.8174580679E-10  -5.1754275551E-03  -5.4275312357E-12   4.7474250765E-11  -1.0012389283E-03
    3     -4.7913516233E-02   6.6006098025E-11  -7.3337114511E-04   5.0180106868E-03   1.6010842926E-10
    4      1.1773135180E-01   2.3305243923E-11   1.9899120952E-03  -2.0741664121E-02  -2.5602533311E-10
    5      2.5864061464E-10   9.0991575157E-04   8.4702441896E-11   4.2933494888E-11   7.8019172981E-03
    6     -2.1907483681E-02   1.2729803623E-10  -5.7121164026E-02  -1.6234147364E-02   1.4645180557E-10
    7     -2.3463921505E-01   4.5432635724E-10  -7.6142824571E-05   3.7745882386E-02   2.3905029287E-10
    8      6.0935073996E-10  -8.4372980860E-02   1.8565973727E-10  -1.1718096354E-11   1.3985821261E-02
    9     -4.2395465675E-02  -1.7939114086E-09  -3.7205267537E-01   1.2151975374E-01   1.0954996876E-09
   10      7.9170491942E-01   4.6425888652E-10   7.8554891169E-02  -1.8078322924E-01  -3.0875327851E-10
   11      4.6425888652E-10   2.1267516464E-01   7.4685095585E-10  -6.1991348294E-10  -6.4319646720E-02
   12      7.8554891169E-02   7.4685095585E-10   5.0989265693E-01  -8.1437396438E-02  -1.7126185749E-09
   13     -1.8078322924E-01  -6.1991348294E-10  -8.1437396438E-02   7.7107623920E-01   3.5049353164E-09
   14     -3.0875327851E-10  -6.4319646720E-02  -1.7126185749E-09   3.5049353164E-09   4.7133111094E-02
   15     -7.6427953113E-02   1.7456821616E-11  -1.1842041449E-02   7.7064628497E-02   3.8184514590E-10
   16     -3.2445646006E-01  -3.3154026626E-12   3.5275320373E-02  -5.1656944101E-02  -6.0723660730E-10
   17      1.5855615632E-10  -8.6760229965E-02   4.7352619140E-10  -3.9972182513E-10   1.1984522030E-02
   18      1.3190831294E-01   2.0925706925E-10   1.3530181084E-02  -2.5961460797E-02  -3.1497264553E-10
   19     -1.4140843962E-02  -7.7790853408E-11  -6.6899637568E-03  -5.2177732002E-03   1.9432406137E-12
   20     -3.2997595822E-10   3.1411165551E-04  -3.7930350277E-11   6.2756151097E-11   5.7825284407E-03
   21     -4.9390811912E-02   1.4285946637E-10  -1.0461194531E-02   2.9449884269E-02  -9.7860306384E-11
   22     -5.8373612305E-03   1.5214124609E-10   2.7663160147E-02  -2.8013460894E-02  -3.1130632897E-10
   23     -8.5101671715E-10   3.4791856219E-03  -6.0882945408E-10   9.4792148091E-10  -5.1273573364E-03
   24      2.9207386368E-03  -2.9743736629E-11  -9.5341572901E-05  -8.2786586194E-03   2.0997879622E-10
   25     -8.5347896220E-03  -3.6862936921E-11  -4.1703988867E-03   3.1375077168E-03   7.2269235622E-11
   26     -3.4198824465E-11   2.6477812332E-03   1.0875024391E-10  -1.8707669312E-10   1.6145700825E-04
   27      1.5589880653E-02   2.7578748041E-10   1.3293271628E-02  -4.2163589366E-02   2.8416290969E-10
   28      2.1344984486E-03  -1.8054364078E-11  -1.6954984686E-02  -1.0166957119E-02   7.5621412131E-10
   29     -1.7783721328E-10  -1.9924344038E-03   4.7409572577E-10   3.4915316989E-10   6.1083305870E-03
   30     -1.2765041500E-03  -1.7962846192E-11   5.4289818990E-05   3.0331900294E-04  -5.4757596849E-12
   31     -1.0488072342E-03  -9.7556119787E-12   8.2736183002E-05   4.2356622857E-04   3.8190288403E-12
   32     -2.3446564354E-11  -7.4538336548E-04   1.5577393230E-11  -2.0466481595E-11  -5.8273224691E-04
   33      4.8228730931E-03   2.4320851085E-11  -1.9249491383E-03  -3.7586157371E-04   4.7612843083E-12
   34     -2.1467483048E-03   1.1815956252E-11   9.5509679768E-04   6.0583079677E-04  -8.2429305518E-12
   35     -1.7149943687E-11   6.8704022925E-03  -1.6126979056E-11  -4.3694131770E-12   1.5872886002E-04
   36      5.1669830713E-02   1.7363494063E-10  -7.2002171896E-02  -7.5202218598E-02  -2.9796119943E-10
   37     -2.9991645997E-02  -3.2391885807E-10  -3.3411032117E-02  -5.3401009312E-01  -3.3302553666E-09
   38      1.0223108663E-11  -3.5856005234E-04   2.4705655757E-10  -3.8443896584E-09  -1.7256468972E-02
   39      4.4199044605E-03   2.0366701768E-11   1.0680015923E-03   2.0550143876E-04  -2.6787233428E-11
   40     -1.0513690145E-02   1.1537255921E-10   5.0554068826E-04   3.9142581584E-03   3.0831573956E-12
   41     -8.1194837377E-11   6.1857714432E-03  -2.8132394150E-11   1.6594199419E-11  -4.0311870030E-03
   42      2.3821797653E-03   5.4893424937E-11   3.1580577071E-04   1.7716132385E-03  -6.4801122878E-12
   43      1.1076272555E-03  -4.4600239954E-11   3.3070823408E-04  -1.1732406790E-03   2.7875292315E-13
   44     -4.8836753706E-11   1.0551786546E-02  -2.9800655180E-11  -9.6177689790E-12  -6.2168339731E-04
   45      8.8116420278E-04   7.9695425648E-12   9.9585911943E-04  -4.0614870480E-04   8.5477045691E-14
   46      9.3551110396E-04   1.4914463484E-11   1.0864830866E-03  -1.3557962956E-03  -9.1065478930E-12
   47      5.6296924415E-11   8.7428391766E-05   4.1255224870E-11  -1.3156956529E-11  -1.6993053401E-04
                   15                 16                 17                 18                 19        
    0     -6.4797051159E-02   3.8688159221E-02   3.1091932877E-10  -3.0567157658E-01  -1.3469482680E-01
    1     -3.9922607275E-02   1.0425990538E-01   3.2780158977E-10  -3.0098911592E-02  -2.0990471556E-01
    2      1.2493694707E-10   8.6323121751E-11   9.9316134133E-03   4.3089433722E-10  -1.1808827159E-11
    3     -2.8900385882E-02   4.5224308382E-02   9.7600323232E-11   5.9167608772E-02  -3.1463541364E-02
    4      4.6127691213E-02  -8.6092933617E-02  -1.9755518668E-10  -1.1886955124E-01  -3.1613823122E-02
    5      1.6841094754E-10  -1.6959587731E-10  -3.3282040032E-03  -3.5348198835E-10   4.3006266824E-11
    6      5.2847160695E-02  -8.7339254515E-02  -3.3601429239E-10  -9.6258585642E-02  -9.2107012402E-03
    7     -2.7191564953E-02  -8.8515971144E-03  -1.5409521694E-10   1.5862806018E-02  -4.4146972048E-03
    8      6.1631357138E-11   2.4116373286E-10   1.1445473097E-02   1.8295688505E-10  -2.0853754506E-10
    9     -1.5316094017E-01   2.1752854899E-02   1.7174507778E-10   4.0619707399E-02   4.4617734599E-02
   10     -7.6427953113E-02  -3.2445646006E-01   1.5855615632E-10   1.3190831294E-01  -1.4140843962E-02
   11      1.7456821616E-11  -3.3154026626E-12  -8.6760229965E-02   2.0925706925E-10  -7.7790853408E-11
   12     -1.1842041449E-02   3.5275320373E-02   4.7352619140E-10   1.3530181084E-02  -6.6899637568E-03
   13      7.7064628497E-02  -5.1656944101E-02  -3.9972182513E-10  -2.5961460797E-02  -5.2177732002E-03
   14      3.8184514590E-10  -6.0723660730E-10   1.1984522030E-02  -3.1497264553E-10   1.9432406137E-12
   15      8.8455320630E-01   8.1111522309E-03  -2.7185342303E-09  -3.6781079914E-01   1.5743828230E-01
   16      8.1111522309E-03   7.5474438325E-01   6.6640416193E-10   5.3170385941E-02  -2.2672767264E-01
   17     -2.7185342303E-09   6.6640416193E-10   1.5059033373E-01   1.0571509418E-09  -8.4963934514E-10
   18     -3.6781079914E-01   5.3170385941E-02   1.0571509418E-09   7.6698560216E-01  -2.5064179418E-02
   19      1.5743828230E-01  -2.2672767264E-01  -8.4963934514E-10  -2.5064179418E-02   8.4797035441E-01
   20      1.3785207995E-09  -4.8768772557E-10  -7.2685764142E-02  -1.6821566132E-09   1.7665455261E-09
   21     -8.6550624610E-03  -1.3586844541E-03  -5.8672608471E-11  -1.9880228540E-04  -8.9635527985E-04
   22      6.8213637254E-04  -1.0745114331E-02   1.5250167337E-10  -1.6365243008E-02   2.2031938219E-03
   23     -6.0819840695E-11   1.4875067216E-10   7.1264966555E-03   1.4502254254E-10   9.9666632435E-11
   24      9.5049316506E-04  -3.1288074748E-04  -3.3719370887E-11   7.9823593906E-04   1.8357501626E-04
   25     -2.4002238208E-03  -4.3007470106E-04   6.2894084926E-12   1.0366741368E-03  -4.3340143991E-04
   26      3.1264780470E-11  -8.0383564124E-11  -1.4834094664E-03  -3.4734379786E-11   4.4748454059E-11
   27      5.3739467242E-03  -8.2334153308E-03   9.7420964939E-11  -9.1489810208E-03   6.2335509927E-04
   28      3.5411408626E-04   2.7376566476E-03   3.7885373907E-11   4.9288188219E-03  -2.5538242637E-04
   29     -8.1927763517E-11   9.0113552650E-11  -5.1009143395E-04   1.0662607884E-11   5.2005626116E-11
   30     -3.1593270490E-03  -4.4627836585E-03   3.8387016324E-11  -1.7496564205E-02   1.8186703866E-02
   31     -3.3873726924E-03  -1.6997540007E-03  -1.9040054782E-11  -1.8362114784E-02   1.4781836021E-02
   32      2.5124233731E-12   9.7547458507E-12   6.7894055840E-03   2.8082928787E-11   1.1563644904E-11
   33      2.6138617792E-04   6.8842035014E-04   1.4422252744E-11   1.6733510044E-03   2.3411044887E-04
   34      8.6619063453E-04  -5.0620044225E-04  -9.7313489375E-12   1.2474744982E-03  -7.3840816351E-03
   35     -4.5495551019E-11   6.0568920266E-11  -1.0512718622E-03   1.6194441891E-10  -4.4444115787E-11
   36     -9.2515210092E-03   4.9487636911E-03   1.1322331098E-11   4.3645958194E-03   1.4623643803E-03
   37     -3.5450452340E-03   9.5642931057E-03  -4.0409773380E-11   6.0198605050E-03  -1.2172161738E-03
   38      1.1691396173E-10  -1.4588523651E-10   3.0068983624E-03  -1.2791728876E-10   2.1789715244E-11
   39     -3.0400409470E-01  -1.3784435685E-01   7.9506963324E-10  -1.6727615323E-02  -1.8032029815E-02
   40     -1.3442507892E-01  -1.5015630342E-01   3.6564740148E-10   1.7215746573E-02   1.5191260725E-02
   41      7.4341512412E-10   3.7954463452E-10  -4.2516106518E-02   8.3326742667E-11   9.7131086685E-11
   42      7.4497189468E-03   3.1450844118E-02   7.2793344699E-11  -7.3811090614E-02   3.1314589818E-03
   43     -4.0428436504E-03  -9.7658646354E-03  -2.8238633623E-11   3.9263598058E-03  -3.7908253874E-01
   44     -1.1011994800E-10  -7.3752393804E-11   7.5422064721E-03   1.5875566308E-10  -8.4447378354E-10
   45      1.2867652773E-04   2.4837137387E-04   6.6827646506E-12   6.1884433748E-06   1.7634136729E-04
   46      7.0045520307E-04  -2.2066683127E-04  -1.6730915953E-11  -6.0983964272E-04   2.3603307990E-04
   47      4.4696816588E-11  -6.3259716044E-11  -9.5108910992E-05  -1.8344348128E-11   2.2152662590E-11
                   20                 21                 22                 23                 24        
    0      8.6562416949E-11  -1.0750707586E-02   1.0696847121E-02  -1.1885973264E-10   1.6490296646E-03
    1     -2.6504258052E-10   2.2196654683E-03   2.1448921518E-02  -4.2113941608E-10  -3.0001611251E-03
    2     -7.7774536955E-02  -4.1615679071E-11  -3.5121678656E-11   8.2681037959E-03   6.7678961747E-11
    3     -1.4249594756E-10   1.3979347830E-02   2.8412879639E-02   1.3579874794E-10  -1.0499265360E-02
    4      2.7080845798E-10   3.3237703562E-02  -3.2096204032E-02  -5.9244615782E-10   2.7320513653E-03
    5      7.7033639756E-03  -2.0495168730E-10   2.8916451286E-10  -4.5903962432E-03  -3.9169387837E-11
    6      2.1927236679E-10  -1.3773943651E-01  -4.7212476822E-03   6.5430007695E-10  -4.1473647658E-03
    7     -7.4698130190E-11  -1.1965323566E-02  -2.2164285419E-01   7.6206059159E-10  -1.6198659223E-02
    8     -4.7245238320E-03   1.5859809733E-09  -8.7899510168E-10  -9.1761273407E-02  -6.1936006956E-10
    9     -9.0144771949E-11   3.8101352991E-02  -4.5296220025E-02   7.8529940892E-10  -1.6542345193E-04
   10     -3.2997595822E-10  -4.9390811912E-02  -5.8373612305E-03  -8.5101671715E-10   2.9207386368E-03
   11      3.1411165551E-04   1.4285946637E-10   1.5214124609E-10   3.4791856219E-03  -2.9743736629E-11
   12     -3.7930350277E-11  -1.0461194531E-02   2.7663160147E-02  -6.0882945408E-10  -9.5341572901E-05
   13      6.2756151097E-11   2.9449884269E-02  -2.8013460894E-02   9.4792148091E-10  -8.2786586194E-03
   14      5.7825284407E-03  -9.7860306384E-11  -3.1130632897E-10  -5.1273573364E-03   2.0997879622E-10
   15      1.3785207995E-09  -8.6550624610E-03   6.8213637254E-04  -6.0819840695E-11   9.5049316506E-04
   16     -4.8768772557E-10  -1.3586844541E-03  -1.0745114331E-02   1.4875067216E-10  -3.1288074748E-04
   17     -7.2685764142E-02  -5.8672608471E-11   1.5250167337E-10   7.1264966555E-03  -3.3719370887E-11
   18     -1.6821566132E-09  -1.9880228540E-04  -1.6365243008E-02   1.4502254254E-10   7.9823593906E-04
   19      1.7665455261E-09  -8.9635527985E-04   2.2031938219E-03   9.9666632435E-11   1.8357501626E-04
   20      1.7622690513E-01   7.8618836651E-12   4.6894878957E-12  -1.2235449112E-03  -1.2224784948E-11
   21      7.8618836651E-12   1.1155253469E+00  -2.0157596647E-01   2.2313924525E-08  -2.8812835259E-01
   22      4.6894878957E-12  -2.0157596647E-01   8.1370378356E-01  -1.2367046540E-08  -1.4964013907E-01
   23     -1.2235449112E-03   2.2313924525E-08  -1.2367046540E-08   2.5165901874E-01  -1.5852597353E-09
   24     -1.2224784948E-11  -2.8812835259E-01  -1.4964013907E-01  -1.5852597353E-09   8.4587105805E-01
   25      4.1186074486E-12  -8.9465187594E-02  -2.4755396746E-01   1.2934964566E-09  -1.2525085547E-01
   26      4.2937964456E-05  -3.5158304118E-09  -3.0889490860E-10  -6.6319169862E-02   2.1391651808E-08
   27      9.6555173650E-12  -6.5008593429E-01   3.2184221789E-01  -2.0673241559E-08  -1.3544547235E-01
   28     -2.0590596420E-13   3.3457243541E-01  -3.4159460579E-01   1.2498604110E-08  -1.4798038207E-02
   29      3.9268503056E-04  -2.6320625837E-08   1.6672342506E-08  -9.4513085103E-02  -3.2322360280E-09
   30      1.1550848407E-10   1.9192833768E-04  -5.1235340708E-04  -1.8496667663E-11   9.0949537915E-05
   31      4.3772449327E-11   1.6389487068E-03   1.0282309725E-03  -1.2880363430E-12  -4.1512258662E-04
   32      2.8647479882E-03   2.5573126426E-11   1.0132704620E-11   1.2782902931E-03  -6.2862673382E-12
   33      2.5102342014E-11  -4.5973101199E-03  -4.7648516625E-03  -4.2075390813E-12   4.4401241572E-03
   34     -5.2080386258E-11  -1.8267225598E-03  -1.5342877759E-03   3.7606640992E-11   1.4399128564E-03
   35      8.8237221954E-03   3.5037791573E-11  -7.5610065724E-11  -4.0354175820E-03  -8.9268576484E-12
   36      2.1584823417E-13  -2.2958450838E-02   5.6809469552E-03  -2.7643975666E-10   6.1808272416E-03
   37     -2.0541138760E-11  -2.5473924440E-02   2.3299203286E-02  -7.6334215661E-10   9.7076249823E-03
   38      1.6676686795E-03   6.1691310333E-10  -5.3260982327E-10   2.1928901818E-03  -4.4065101016E-10
   39      3.2760033968E-11   6.6475446978E-05   7.1097893619E-04   6.0844193561E-11   3.9169478502E-06
   40     -5.2813028205E-11  -2.2035571012E-03   6.0886394848E-04  -4.2926883685E-12  -1.9029747229E-04
   41      4.1786805044E-03  -1.8691565389E-11  -1.5535746296E-12   4.9636180705E-05   4.4446189878E-12
   42      8.5090035481E-11  -3.2591792172E-04  -4.0304971257E-04  -5.1333637735E-12   3.1923920207E-04
   43     -8.5380692589E-10  -5.7230724898E-05   2.6125480189E-04   4.7679756202E-11  -3.5232276299E-05
   44     -5.1909357934E-02  -5.0096543913E-12   2.6741055065E-11  -9.0541144800E-04  -5.1470826844E-12
   45      4.5029152193E-12  -3.3957466693E-02   2.7585377630E-02  -7.4343294567E-10  -4.2182547819E-01
   46     -1.5869193888E-11  -1.6890435116E-02   2.6452855325E-02  -8.3438719753E-10   3.0111463922E-01
   47      3.2495593738E-04   9.4804315405E-10   2.1354586650E-10  -5.6235439378E-03  -1.4408539405E-08
                   25                 26                 27                 28                 29        
    0     -1.7865030673E-03  -2.0751506530E-11   6.2218321565E-03  -8.2218581045E-05  -1.0991561049E-10
    1     -1.8921396001E-03  -4.0485530818E-11   8.7782576675E-03  -6.7511304869E-03  -1.9145739513E-10
    2      5.2904095088E-11  -5.1851228062E-05   1.2040714903E-10  -1.1280587941E-10  -1.7859985421E-03
    3     -2.8130347252E-03   1.0606941735E-10   6.9835197885E-03  -1.1180494895E-02   4.2831274214E-10
    4      2.4476840600E-03   2.0497951780E-11  -5.0924355072E-03  -3.4079928075E-03   3.4419661698E-10
    5     -1.8071805223E-11  -6.7014143861E-05  -1.2117158796E-11   2.5502027830E-10   4.2439102568E-03
    6     -4.6524952967E-02  -2.9014709495E-10  -7.6801010110E-03   5.7904895208E-02  -1.1307066732E-09
    7     -2.7764054050E-02  -2.2178711987E-10   4.0679934656E-02  -3.6795191762E-02   4.5186643711E-10
    8     -3.4701756798E-10   2.1580682022E-02  -2.4656872599E-09   2.6225458828E-09   2.5875128555E-02
    9      1.1684765062E-02  -1.7346423038E-10  -3.5585624471E-02   5.4126940645E-03  -2.1256758394E-10
   10     -8.5347896220E-03  -3.4198824465E-11   1.5589880653E-02   2.1344984486E-03  -1.7783721328E-10
   11     -3.6862936921E-11   2.6477812332E-03   2.7578748041E-10  -1.8054364078E-11  -1.9924344038E-03
   12     -4.1703988867E-03   1.0875024391E-10   1.3293271628E-02  -1.6954984686E-02   4.7409572577E-10
   13      3.1375077168E-03  -1.8707669312E-10  -4.2163589366E-02  -1.0166957119E-02   3.4915316989E-10
   14      7.2269235622E-11   1.6145700825E-04   2.8416290969E-10   7.5621412131E-10   6.1083305870E-03
   15     -2.4002238208E-03   3.1264780470E-11   5.3739467242E-03   3.5411408626E-04  -8.1927763517E-11
   16     -4.3007470106E-04  -8.0383564124E-11  -8.2334153308E-03   2.7376566476E-03   9.0113552650E-11
   17      6.2894084926E-12  -1.4834094664E-03   9.7420964939E-11   3.7885373907E-11  -5.1009143395E-04
   18      1.0366741368E-03  -3.4734379786E-11  -9.1489810208E-03   4.9288188219E-03   1.0662607884E-11
   19     -4.3340143991E-04   4.4748454059E-11   6.2335509927E-04  -2.5538242637E-04   5.2005626116E-11
   20      4.1186074486E-12   4.2937964456E-05   9.6555173650E-12  -2.0590596420E-13   3.9268503056E-04
   21     -8.9465187594E-02  -3.5158304118E-09  -6.5008593429E-01   3.3457243541E-01  -2.6320625837E-08
   22     -2.4755396746E-01  -3.0889490860E-10   3.2184221789E-01  -3.4159460579E-01   1.6672342506E-08
   23      1.2934964566E-09  -6.6319169862E-02  -2.0673241559E-08   1.2498604110E-08  -9.4513085103E-02
   24     -1.2525085547E-01   2.1391651808E-08  -1.3544547235E-01  -1.4798038207E-02  -3.2322360280E-09
   25      5.0143479179E-01  -1.0162624623E-08   1.5047451994E-02   4.5726957461E-02   2.0867656811E-10
   26     -1.0162624623E-08   3.1241586891E-02  -4.4757627165E-09  -4.0224133684E-10   1.9015850269E-02
   27      1.5047451994E-02  -4.4757627165E-09   7.9756299554E-01  -3.5835878354E-01   3.0204440516E-08
   28      4.5726957461E-02  -4.0224133684E-10  -3.5835878354E-01   3.6770802885E-01  -1.7689783577E-08
   29      2.0867656811E-10   1.9015850269E-02   3.0204440516E-08  -1.7689783577E-08   4.4463696407E-02
   30      1.8347464797E-04  -1.2812376202E-11  -4.3835807234E-05   1.2737682399E-04  -3.1975969190E-11
   31     -2.7718928454E-04   1.8193909309E-11   4.6181573061E-04  -1.0523197198E-03   6.4762330970E-11
   32     -8.4082030056E-12  -7.7404731947E-05   7.7565979425E-12  -3.7163984343E-11  -5.4421702677E-04
   33     -2.7683071443E-04  -2.9975039967E-11   1.7456636510E-03   9.0742039451E-04   8.2197254912E-11
   34     -2.3269634557E-03  -2.4085885679E-11  -1.9900436758E-04   9.6651358238E-04   2.8642746485E-11
   35     -1.2388398147E-11  -6.5266648824E-04  -6.5222100649E-11   5.8414529316E-11   5.6194325954E-04
   36      5.8706374328E-04   2.1925334784E-10   9.8480565541E-03   2.1152491789E-03  -3.0306163160E-10
   37     -1.6822968337E-03   3.8978688541E-10   2.0683944983E-02  -1.6590549140E-02   1.0301592092E-10
   38      8.4192583236E-11   5.7514585383E-04  -7.9494961513E-10  -2.1211966871E-10  -8.0613452836E-03
   39     -1.3099253476E-05   1.1672529174E-11   2.4665601017E-04  -1.7074289580E-04   4.7371106280E-11
   40     -8.9844974400E-04   9.0583253074E-12   8.3755194849E-04  -4.2375376016E-05   3.4216367140E-11
   41     -6.8900240931E-12  -1.3925348851E-04   2.6324442162E-12   1.7199649158E-12  -5.1078874481E-05
   42      5.0444093072E-05   1.3422922033E-12   1.5610917040E-04   9.1926460015E-05   3.2289576620E-12
   43     -1.5830126239E-04   1.4785451892E-11   6.4512174690E-05  -2.1035019626E-04   4.7744034300E-11
   44     -5.8629377615E-12   8.1243408897E-05   2.1163041575E-12  -1.3642870397E-11   8.1241630032E-05
   45      2.4411785370E-01  -1.3316772136E-08  -3.4519842379E-03  -4.8641567384E-03   1.7225342945E-10
   46     -2.6078502831E-01   1.0964297845E-08  -1.0561184835E-02  -2.3985381991E-03  -3.8857551590E-10
   47      9.3690851961E-09  -6.5388933772E-03  -6.7042719904E-10   2.3845387937E-10   6.7340612782E-03
                   30                 31                 32                 33                 34        
    0     -3.1056775330E-01   1.3023219279E-01   1.3500075326E-09   4.3203335892E-03  -3.5149108664E-02
    1      1.3122040850E-01  -1.4206306411E-01  -8.2215813889E-10   2.8503612247E-03  -1.0049755218E-02
    2      1.3051588545E-09  -7.6478731337E-10  -4.0178805269E-02   2.6619128301E-11   1.6018683800E-10
    3      5.3748416494E-03   3.2859746208E-02   9.6216205409E-11  -3.0131399493E-01  -1.2418444091E-01
    4     -4.1050854823E-03  -9.8934419250E-03   2.3156126346E-11  -1.2837808175E-01  -1.4195127130E-01
    5     -2.0851145110E-11  -6.7012143532E-11   3.2853992386E-03   9.0946733084E-10   3.9236236726E-10
    6      1.5627071071E-03  -2.1088546773E-03   1.3864413530E-11  -1.6551653997E-02   1.3039764166E-02
    7     -3.9019867299E-04  -5.7948403763E-03   1.3680184193E-11  -1.7286519057E-02   1.4915734430E-02
    8      7.7663037574E-11  -1.0312684781E-10   8.2688327550E-03   9.5961937920E-11   3.3459442036E-11
    9      1.2060807155E-04  -8.7111051880E-04  -6.3547564651E-11  -2.2994637373E-03   3.3581863974E-03
   10     -1.2765041500E-03  -1.0488072342E-03  -2.3446564354E-11   4.8228730931E-03  -2.1467483048E-03
   11     -1.7962846192E-11  -9.7556119787E-12  -7.4538336548E-04   2.4320851085E-11   1.1815956252E-11
   12      5.4289818990E-05   8.2736183002E-05   1.5577393230E-11  -1.9249491383E-03   9.5509679768E-04
   13      3.0331900294E-04   4.2356622857E-04  -2.0466481595E-11  -3.7586157371E-04   6.0583079677E-04
   14     -5.4757596849E-12   3.8190288403E-12  -5.8273224691E-04   4.7612843083E-12  -8.2429305518E-12
   15     -3.1593270490E-03  -3.3873726924E-03   2.5124233731E-12   2.6138617792E-04   8.6619063453E-04
   16     -4.4627836585E-03  -1.6997540007E-03   9.7547458507E-12   6.8842035014E-04  -5.0620044225E-04
   17      3.8387016324E-11  -1.9040054782E-11   6.7894055840E-03   1.4422252744E-11  -9.7313489375E-12
   18     -1.7496564205E-02  -1.8362114784E-02   2.8082928787E-11   1.6733510044E-03   1.2474744982E-03
   19      1.8186703866E-02   1.4781836021E-02   1.1563644904E-11   2.3411044887E-04  -7.3840816351E-03
   20      1.1550848407E-10   4.3772449327E-11   2.8647479882E-03   2.5102342014E-11  -5.2080386258E-11
   21      1.9192833768E-04   1.6389487068E-03   2.5573126426E-11  -4.5973101199E-03  -1.8267225598E-03
   22     -5.1235340708E-04   1.0282309725E-03   1.0132704620E-11  -4.7648516625E-03  -1.5342877759E-03
   23     -1.8496667663E-11  -1.2880363430E-12   1.2782902931E-03  -4.2075390813E-12   3.7606640992E-11
   24      9.0949537915E-05  -4.1512258662E-04  -6.2862673382E-12   4.4401241572E-03   1.4399128564E-03
   25      1.8347464797E-04  -2.7718928454E-04  -8.4082030056E-12  -2.7683071443E-04  -2.3269634557E-03
   26     -1.2812376202E-11   1.8193909309E-11  -7.7404731947E-05  -2.9975039967E-11  -2.4085885679E-11
   27     -4.3835807234E-05   4.6181573061E-04   7.7565979425E-12   1.7456636510E-03  -1.9900436758E-04
   28      1.2737682399E-04  -1.0523197198E-03  -3.7163984343E-11   9.0742039451E-04   9.6651358238E-04
   29     -3.1975969190E-11   6.4762330970E-11  -5.4421702677E-04   8.2197254912E-11   2.8642746485E-11
   30      3.2260024662E-01  -1.4014386425E-01  -1.4165409049E-09   1.0357230356E-03   3.8689821409E-04
   31     -1.4014386425E-01   1.4314023757E-01   8.3330323610E-10  -7.9424693315E-05   1.2238887589E-03
   32     -1.4165409049E-09   8.3330323610E-10   2.9361686551E-02  -4.7864584225E-11  -9.2259753590E-12
   33      1.0357230356E-03  -7.9424693315E-05  -4.7864584225E-11   3.1220799121E-01   1.3886382333E-01
   34      3.8689821409E-04   1.2238887589E-03  -9.2259753590E-12   1.3886382333E-01   1.5412775184E-01
   35     -2.8396753591E-11   2.2659583185E-11  -5.8105661099E-03  -1.1167053405E-09  -3.0113421059E-10
   36     -2.4207460629E-06  -1.8199414619E-04   2.1511230573E-12   1.2149392632E-06   1.1958883391E-05
   37     -8.4119043860E-05  -1.4815227414E-04   5.0749375003E-12  -8.2729075106E-04   3.0291049484E-04
   38     -1.5096487799E-12   8.5372810732E-12  -6.4683734699E-05   1.8589116143E-11   2.4353779482E-12
   39     -8.7005823914E-04  -7.7395510975E-04   4.5744575382E-12  -1.5759135276E-05  -6.9100245823E-05
   40      8.1549459427E-04   5.2180161347E-04   7.2584806678E-13  -5.5867195132E-05   3.9784620668E-05
   41      6.0207191782E-12   3.9303693965E-12   2.8552455763E-04  -2.7794260260E-12  -4.4270272018E-13
   42      1.1540760156E-03   8.4146906347E-04  -1.4109574465E-11  -1.3355566725E-05  -1.5782557269E-03
   43     -1.9477913705E-04   8.6731929143E-04   8.3226160849E-12   1.0568895927E-04  -7.2554617361E-04
   44     -2.2294649211E-11   1.7604434170E-11  -4.1357784944E-03   3.1759986013E-12  -6.9392504030E-12
   45     -4.2559831654E-05   2.0576153901E-04   1.8903480927E-12   1.0305873205E-03   2.8352465309E-03
   46     -5.1779901381E-05  -8.4684277147E-06   5.2334727415E-12   3.5660695868E-03  -5.5616660014E-03
   47     -1.2087349661E-11   6.6612924208E-12   5.8073091517E-06   1.2280869011E-10  -1.4475885147E-10
                   35                 36                 37                 38                 39        
    0     -1.5507350118E-10  -2.1476606729E-03  -4.3359699779E-03   8.9855358549E-11  -3.0100225949E-03
    1     -2.2009132082E-10  -3.4365549616E-03  -4.0743549188E-03   8.1214873790E-11   4.1383750041E-03
    2      7.8051945342E-03   4.8834603950E-12   9.8943640358E-12   9.0947373504E-05   2.6976374653E-11
    3      1.1741725526E-09  -1.9137912068E-03  -2.9784925882E-03   6.7647731381E-11   3.6574067200E-04
    4      6.1295221941E-10   3.1312212238E-03   2.1643649938E-03  -7.2247529362E-11   9.4219319482E-04
    5     -4.5478151678E-02  -3.5315341693E-11  -5.6892346667E-11  -5.4336112654E-04   9.4112127535E-12
    6     -7.1566974025E-12   1.0455479095E-03  -3.6057706295E-03   5.4724614189E-11   8.1344652891E-04
    7      1.2841661363E-10  -4.7655667512E-03  -6.0306615992E-03   2.3652802712E-10   3.0394892322E-04
    8      3.4141144436E-03  -9.2319242746E-11   2.9755686796E-11  -1.7823490913E-03  -1.7527389209E-11
    9      3.8283800494E-11   1.0140487405E-02   2.4106938441E-02  -6.8210718552E-10   4.1207806609E-03
   10     -1.7149943687E-11   5.1669830713E-02  -2.9991645997E-02   1.0223108663E-11   4.4199044605E-03
   11      6.8704022925E-03   1.7363494063E-10  -3.2391885807E-10  -3.5856005234E-04   2.0366701768E-11
   12     -1.6126979056E-11  -7.2002171896E-02  -3.3411032117E-02   2.4705655757E-10   1.0680015923E-03
   13     -4.3694131770E-12  -7.5202218598E-02  -5.3401009312E-01  -3.8443896584E-09   2.0550143876E-04
   14      1.5872886002E-04  -2.9796119943E-10  -3.3302553666E-09  -1.7256468972E-02  -2.6787233428E-11
   15     -4.5495551019E-11  -9.2515210092E-03  -3.5450452340E-03   1.1691396173E-10  -3.0400409470E-01
   16      6.0568920266E-11   4.9487636911E-03   9.5642931057E-03  -1.4588523651E-10  -1.3784435685E-01
   17     -1.0512718622E-03   1.1322331098E-11  -4.0409773380E-11   3.0068983624E-03   7.9506963324E-10
   18      1.6194441891E-10   4.3645958194E-03   6.0198605050E-03  -1.2791728876E-10  -1.6727615323E-02
   19     -4.4444115787E-11   1.4623643803E-03  -1.2172161738E-03   2.1789715244E-11  -1.8032029815E-02
   20      8.8237221954E-03   2.1584823417E-13  -2.0541138760E-11   1.6676686795E-03   3.2760033968E-11
   21      3.5037791573E-11  -2.2958450838E-02  -2.5473924440E-02   6.1691310333E-10   6.6475446978E-05
   22     -7.5610065724E-11   5.6809469552E-03   2.3299203286E-02  -5.3260982327E-10   7.1097893619E-04
   23     -4.0354175820E-03  -2.7643975666E-10  -7.6334215661E-10   2.1928901818E-03   6.0844193561E-11
   24     -8.9268576484E-12   6.1808272416E-03   9.7076249823E-03  -4.4065101016E-10   3.9169478502E-06
   25     -1.2388398147E-11   5.8706374328E-04  -1.6822968337E-03   8.4192583236E-11  -1.3099253476E-05
   26     -6.5266648824E-04   2.1925334784E-10   3.8978688541E-10   5.7514585383E-04   1.1672529174E-11
   27     -6.5222100649E-11   9.8480565541E-03   2.0683944983E-02  -7.9494961513E-10   2.4665601017E-04
   28      5.8414529316E-11   2.1152491789E-03  -1.6590549140E-02  -2.1211966871E-10  -1.7074289580E-04
   29      5.6194325954E-04  -3.0306163160E-10   1.0301592092E-10  -8.0613452836E-03   4.7371106280E-11
   30     -2.8396753591E-11  -2.4207460629E-06  -8.4119043860E-05  -1.5096487799E-12  -8.7005823914E-04
   31      2.2659583185E-11  -1.8199414619E-04  -1.4815227414E-04   8.5372810732E-12  -7.7395510975E-04
   32     -5.8105661099E-03   2.1511230573E-12   5.0749375003E-12  -6.4683734699E-05   4.5744575382E-12
   33     -1.1167053405E-09   1.2149392632E-06  -8.2729075106E-04   1.8589116143E-11  -1.5759135276E-05
   34     -3.0113421059E-10   1.1958883391E-05   3.0291049484E-04   2.4353779482E-12  -6.9100245823E-05
   35      2.7795772130E-02  -1.4827785697E-12  -6.9758529949E-13  -3.1982649713E-05  -1.9039936061E-12
   36     -1.4827785697E-12   7.7144258704E-02   1.3600800867E-02   8.3820093389E-10   1.2334363000E-04
   37     -6.9758529949E-13   1.3600800867E-02   5.5740904974E-01   4.3902068710E-09   1.3527320861E-05
   38     -3.1982649713E-05   8.3820093389E-10   4.3902068710E-09   2.1003777467E-02   4.2167643918E-12
